1.0000e+00,9.3824e-01,2.8256e+00,1.1832e-01,2.8141e+00,9.8891e-02,2.1692e-02
3.0000e+00,-4.7698e+00,2.1647e+00,7.0946e-01,2.5710e+00,4.8027e-01,6.1818e-01
5.0000e+00,-5.2911e+00,1.6318e+00,7.8169e-01,2.4513e+00,4.8677e-01,6.5487e-01
7.0000e+00,0.0000e+00,0.0000e+00,0.0000e+00,0.0000e+00,0.0000e+00,0.0000e+00
9.0000e+00,0.0000e+00,0.0000e+00,0.0000e+00,0.0000e+00,0.0000e+00,0.0000e+00
1.1000e+01,0.0000e+00,0.0000e+00,0.0000e+00,0.0000e+00,0.0000e+00,0.0000e+00
1.3000e+01,0.0000e+00,0.0000e+00,0.0000e+00,0.0000e+00,0.0000e+00,0.0000e+00
1.5000e+01,0.0000e+00,0.0000e+00,0.0000e+00,0.0000e+00,0.0000e+00,0.0000e+00
1.7000e+01,0.0000e+00,0.0000e+00,0.0000e+00,0.0000e+00,0.0000e+00,0.0000e+00
1.9000e+01,0.0000e+00,0.0000e+00,0.0000e+00,0.0000e+00,0.0000e+00,0.0000e+00
2.1000e+01,0.0000e+00,0.0000e+00,0.0000e+00,0.0000e+00,0.0000e+00,0.0000e+00
2.3000e+01,0.0000e+00,0.0000e+00,0.0000e+00,0.0000e+00,0.0000e+00,0.0000e+00
2.5000e+01,0.0000e+00,0.0000e+00,0.0000e+00,0.0000e+00,0.0000e+00,0.0000e+00
2.7000e+01,0.0000e+00,0.0000e+00,0.0000e+00,0.0000e+00,0.0000e+00,0.0000e+00
2.9000e+01,0.0000e+00,0.0000e+00,0.0000e+00,0.0000e+00,0.0000e+00,0.0000e+00
3.1000e+01,0.0000e+00,0.0000e+00,0.0000e+00,0.0000e+00,0.0000e+00,0.0000e+00
3.3000e+01,0.0000e+00,0.0000e+00,0.0000e+00,0.0000e+00,0.0000e+00,0.0000e+00
3.5000e+01,0.0000e+00,0.0000e+00,0.0000e+00,0.0000e+00,0.0000e+00,0.0000e+00
3.7000e+01,0.0000e+00,0.0000e+00,0.0000e+00,0.0000e+00,0.0000e+00,0.0000e+00
3.9000e+01,0.0000e+00,0.0000e+00,0.0000e+00,0.0000e+00,0.0000e+00,0.0000e+00
4.1000e+01,0.0000e+00,0.0000e+00,0.0000e+00,0.0000e+00,0.0000e+00,0.0000e+00
4.3000e+01,0.0000e+00,0.0000e+00,0.0000e+00,0.0000e+00,0.0000e+00,0.0000e+00
4.5000e+01,0.0000e+00,0.0000e+00,0.0000e+00,0.0000e+00,0.0000e+00,0.0000e+00
4.7000e+01,0.0000e+00,0.0000e+00,0.0000e+00,0.0000e+00,0.0000e+00,0.0000e+00
4.9000e+01,0.0000e+00,0.0000e+00,0.0000e+00,0.0000e+00,0.0000e+00,0.0000e+00
5.1000e+01,0.0000e+00,0.0000e+00,0.0000e+00,0.0000e+00,0.0000e+00,0.0000e+00
5.3000e+01,0.0000e+00,0.0000e+00,0.0000e+00,0.0000e+00,0.0000e+00,0.0000e+00
5.5000e+01,0.0000e+00,0.0000e+00,0.0000e+00,0.0000e+00,0.0000e+00,0.0000e+00
5.7000e+01,0.0000e+00,0.0000e+00,0.0000e+00,0.0000e+00,0.0000e+00,0.0000e+00
5.9000e+01,0.0000e+00,0.0000e+00,0.0000e+00,0.0000e+00,0.0000e+00,0.0000e+00
6.1000e+01,0.0000e+00,0.0000e+00,0.0000e+00,0.0000e+00,0.0000e+00,0.0000e+00
6.3000e+01,0.0000e+00,0.0000e+00,0.0000e+00,0.0000e+00,0.0000e+00,0.0000e+00
6.5000e+01,0.0000e+00,0.0000e+00,0.0000e+00,0.0000e+00,0.0000e+00,0.0000e+00
6.7000e+01,0.0000e+00,0.0000e+00,0.0000e+00,0.0000e+00,0.0000e+00,0.0000e+00
6.9000e+01,0.0000e+00,0.0000e+00,0.0000e+00,0.0000e+00,0.0000e+00,0.0000e+00
7.1000e+01,0.0000e+00,0.0000e+00,0.0000e+00,0.0000e+00,0.0000e+00,0.0000e+00
7.3000e+01,0.0000e+00,0.0000e+00,0.0000e+00,0.0000e+00,0.0000e+00,0.0000e+00
7.5000e+01,0.0000e+00,0.0000e+00,0.0000e+00,0.0000e+00,0.0000e+00,0.0000e+00
7.7000e+01,0.0000e+00,0.0000e+00,0.0000e+00,0.0000e+00,0.0000e+00,0.0000e+00
7.9000e+01,0.0000e+00,0.0000e+00,0.0000e+00,0.0000e+00,0.0000e+00,0.0000e+00
8.1000e+01,0.0000e+00,0.0000e+00,0.0000e+00,0.0000e+00,0.0000e+00,0.0000e+00
8.3000e+01,0.0000e+00,0.0000e+00,0.0000e+00,0.0000e+00,0.0000e+00,0.0000e+00
8.5000e+01,0.0000e+00,0.0000e+00,0.0000e+00,0.0000e+00,0.0000e+00,0.0000e+00
8.7000e+01,0.0000e+00,0.0000e+00,0.0000e+00,0.0000e+00,0.0000e+00,0.0000e+00
8.9000e+01,0.0000e+00,0.0000e+00,0.0000e+00,0.0000e+00,0.0000e+00,0.0000e+00
9.1000e+01,0.0000e+00,0.0000e+00,0.0000e+00,0.0000e+00,0.0000e+00,0.0000e+00
9.3000e+01,0.0000e+00,0.0000e+00,0.0000e+00,0.0000e+00,0.0000e+00,0.0000e+00
9.5000e+01,0.0000e+00,0.0000e+00,0.0000e+00,0.0000e+00,0.0000e+00,0.0000e+00
9.7000e+01,0.0000e+00,0.0000e+00,0.0000e+00,0.0000e+00,0.0000e+00,0.0000e+00
9.9000e+01,0.0000e+00,0.0000e+00,0.0000e+00,0.0000e+00,0.0000e+00,0.0000e+00
